Time (S)	CHA (V)	CH1 (V)	CH2 (V)	CH3 (V)
0.000	-0.999	0.063	-0.007	0.929
0.025	-0.999	0.090	0.004	0.943
0.050	-0.999	0.072	-0.003	0.934
0.075	-0.999	0.090	0.004	0.943
0.100	-1.000	0.060	-0.011	0.926
0.125	-0.999	0.089	0.004	0.943
0.151	-0.999	0.062	-0.008	0.928
0.175	-0.999	0.074	-0.003	0.936
0.201	-1.000	0.064	-0.007	0.930
0.225	-1.000	0.078	-0.004	0.935
0.250	-0.999	0.052	-0.013	0.925
0.275	-0.999	0.085	0.004	0.941
0.300	-0.999	0.071	-0.006	0.930
0.325	-0.999	0.092	0.006	0.943
0.350	-0.999	0.054	-0.011	0.925
0.375	-0.999	0.082	0.001	0.939
0.400	-0.999	0.052	-0.014	0.922
0.426	-0.999	0.087	0.002	0.939
0.450	-0.999	0.056	-0.011	0.926
0.475	-0.999	0.075	-0.004	0.934
0.500	-1.000	0.058	-0.010	0.926
0.525	-0.999	0.089	0.006	0.945
0.550	-1.000	0.057	-0.010	0.926
0.575	-1.000	0.085	0.003	0.941
0.600	-0.999	0.062	-0.010	0.927
0.625	-0.999	0.083	0.001	0.939
0.650	-0.999	0.051	-0.013	0.924
0.676	-0.999	0.084	0.001	0.939
0.701	-0.999	0.067	-0.006	0.930
0.725	-1.000	0.083	0.000	0.939
0.750	-0.999	0.053	-0.013	0.926
0.775	1.001	-0.158	0.001	0.937
0.800	1.001	-0.513	0.202	0.919
0.825	1.000	-0.773	0.515	0.821
0.851	1.001	-1.004	0.755	0.657
0.875	1.001	-1.097	0.871	0.500
0.900	1.001	-1.180	0.964	0.252
0.925	1.001	-1.134	1.033	0.029
0.950	1.001	-1.123	1.008	-0.238
0.975	1.001	-0.997	1.003	-0.441
1.001	1.001	-0.894	0.937	-0.640
1.025	1.001	-0.747	0.895	-0.843
1.050	1.001	-0.620	0.736	-1.096
1.075	1.001	-0.434	0.572	-1.264
1.100	1.001	-0.295	0.405	-1.399
1.125	1.001	-0.123	0.271	-1.470
1.151	1.001	0.003	0.110	-1.523
1.175	1.001	0.125	0.009	-1.526
1.200	1.001	0.182	-0.061	-1.507
1.225	1.001	0.261	-0.109	-1.434
1.250	1.001	0.280	-0.172	-1.442
1.275	1.001	0.331	-0.196	-1.431
1.301	1.001	0.335	-0.232	-1.443
1.325	1.001	0.378	-0.248	-1.430
1.350	1.001	0.367	-0.279	-1.444
1.375	1.001	0.400	-0.280	-1.395
1.400	1.001	0.380	-0.301	-1.340
1.426	1.001	0.380	-0.285	-1.261
1.450	1.001	0.328	-0.282	-1.179
1.475	1.001	0.311	-0.245	-1.115
1.500	1.001	0.247	-0.224	-1.062
1.525	1.001	0.220	-0.179	-0.997
1.551	1.001	0.155	-0.155	-0.965
1.575	1.001	0.133	-0.112	-0.923
1.600	1.001	0.072	-0.093	-0.911
1.625	1.001	0.054	-0.051	-0.881
1.650	1.001	0.004	-0.027	-0.892
1.676	1.001	-0.006	0.002	-0.888
1.700	1.001	-0.038	-0.007	-0.895
1.725	1.001	-0.032	0.002	-0.887
1.750	1.001	-0.073	-0.011	-0.902
1.775	1.001	-0.055	0.004	-0.881
1.800	1.001	-0.086	-0.006	-0.895
1.825	1.001	-0.069	0.003	-0.890
1.851	1.001	-0.090	-0.007	-0.906
1.875	1.001	-0.072	0.003	-0.898
1.900	1.001	-0.096	-0.007	-0.907
1.925	1.001	-0.075	0.002	-0.888
1.950	1.000	-0.102	-0.009	-0.901
1.975	1.001	-0.079	0.004	-0.885
2.000	1.001	-0.110	-0.011	-0.900
2.025	1.001	-0.080	0.004	-0.884
2.051	1.001	-0.098	-0.004	-0.893
2.075	1.001	-0.081	0.006	-0.885
2.100	1.001	-0.113	-0.010	-0.905
2.125	1.001	-0.088	0.002	-0.898
2.151	1.001	-0.105	-0.008	-0.912
2.176	1.001	-0.081	0.002	-0.906
2.200	1.001	-0.102	-0.009	-0.918
2.225	1.001	-0.072	0.004	-0.902
2.250	1.001	-0.105	-0.011	-0.921
2.275	1.001	-0.071	0.003	-0.904
2.301	1.001	-0.092	-0.006	-0.916
2.325	1.001	-0.073	0.003	-0.908
2.350	1.001	-0.098	-0.010	-0.919
2.375	1.001	-0.067	0.005	-0.904
2.400	1.001	-0.099	-0.011	-0.919
2.425	1.001	-0.074	0.001	-0.906
2.450	1.001	-0.100	-0.011	-0.919
2.475	1.001	-0.070	0.002	-0.902
2.500	1.001	-0.096	-0.010	-0.912
2.525	1.001	-0.075	0.002	-0.896
2.550	1.001	-0.103	-0.011	-0.909
2.575	1.001	-0.073	0.005	-0.891
2.600	1.001	-0.100	-0.009	-0.906
2.625	1.001	-0.076	0.004	-0.894
2.650	1.001	-0.107	-0.012	-0.909
2.675	1.001	-0.080	0.003	-0.895
2.700	1.001	-0.107	-0.009	-0.907
2.725	1.001	-0.078	0.004	-0.892
2.750	1.000	-0.108	-0.011	-0.910
2.775	1.001	-0.076	0.004	-0.896
2.800	1.001	-0.105	-0.009	-0.910
2.825	1.001	-0.080	0.002	-0.898
2.850	1.001	-0.103	-0.010	-0.916
2.875	1.001	-0.073	0.004	-0.902
2.900	1.001	-0.104	-0.008	-0.914
2.925	1.001	-0.077	0.002	-0.904
2.951	1.001	-0.094	-0.006	-0.912
2.975	1.001	-0.073	0.002	-0.902
3.000	1.000	-0.102	-0.009	-0.917
3.026	1.001	-0.077	0.001	-0.906
3.050	1.001	-0.098	-0.008	-0.915
3.075	1.001	-0.074	0.002	-0.902
3.100	1.001	-0.094	-0.008	-0.916
3.125	1.001	-0.076	0.001	-0.905
3.151	1.001	-0.092	-0.006	-0.915
3.175	1.001	-0.072	0.003	-0.906
3.201	1.001	-0.084	-0.004	-0.912
3.225	1.001	-0.070	0.002	-0.907
3.250	1.001	-0.094	-0.008	-0.918
3.275	-0.999	0.017	-0.002	-0.912
3.300	-1.000	0.377	-0.102	-0.911
3.325	-0.999	0.706	-0.420	-0.824
3.350	-0.999	0.909	-0.672	-0.706
3.375	-0.999	1.079	-0.834	-0.505
3.401	-0.999	1.139	-0.962	-0.304
3.425	-1.000	1.162	-1.012	-0.055
3.450	-0.999	1.101	-1.010	0.133
3.475	-0.999	1.051	-1.008	0.339
3.500	-1.000	0.928	-0.967	0.548
3.525	-1.000	0.818	-0.904	0.801
3.550	-0.999	0.657	-0.816	0.989
3.575	-0.999	0.530	-0.648	1.162
3.600	-0.999	0.352	-0.505	1.280
3.625	-0.999	0.227	-0.357	1.381
3.650	-1.000	0.079	-0.227	1.432
3.675	-0.999	-0.009	-0.100	1.459
3.700	-0.999	-0.121	-0.010	1.452
3.725	-0.999	-0.166	0.047	1.448
3.750	-0.999	-0.244	0.080	1.448
3.775	-0.999	-0.267	0.140	1.469
3.800	-1.000	-0.326	0.175	1.457
3.825	-0.999	-0.331	0.220	1.469
3.851	-0.999	-0.374	0.238	1.459
3.875	-0.999	-0.369	0.272	1.471
3.900	-0.999	-0.408	0.279	1.437
3.925	-0.999	-0.386	0.300	1.388
3.950	-0.999	-0.399	0.290	1.295
3.975	-0.999	-0.349	0.288	1.238
4.000	-1.000	-0.338	0.256	1.166
4.025	-0.999	-0.275	0.239	1.121
4.050	-0.999	-0.253	0.198	1.062
4.075	-0.999	-0.188	0.173	1.034
4.100	-0.999	-0.173	0.126	0.991
4.125	-1.000	-0.108	0.107	0.981
4.151	-0.999	-0.092	0.072	0.950
4.175	-0.999	-0.044	0.052	0.938
4.200	-0.999	-0.039	0.007	0.928
4.225	-0.999	0.007	0.004	0.943
4.250	-1.000	0.002	-0.007	0.930
4.275	-0.999	0.035	0.002	0.940
4.300	-1.000	0.024	-0.007	0.929
4.325	-0.999	0.051	0.002	0.939
4.350	-0.999	0.038	-0.007	0.928
4.375	-0.999	0.060	0.001	0.938
4.400	-1.000	0.046	-0.009	0.929
4.425	-0.999	0.071	0.002	0.940
4.450	-0.999	0.051	-0.009	0.929
4.475	-0.999	0.073	-0.000	0.939
4.501	-1.000	0.067	-0.005	0.933
4.525	-0.999	0.071	-0.003	0.935
4.550	-0.999	0.061	-0.007	0.930
4.575	-0.999	0.082	0.002	0.943
4.601	-0.999	0.066	-0.006	0.933
4.625	-1.000	0.083	0.003	0.942
4.651	-0.999	0.066	-0.007	0.933
4.676	-0.999	0.070	-0.004	0.935
4.700	-1.000	0.059	-0.009	0.931
4.725	-0.999	0.080	0.000	0.941
4.750	-1.000	0.061	-0.006	0.933
4.775	-0.999	0.079	0.002	0.943
4.800	-0.999	0.060	-0.007	0.933
4.826	-0.999	0.073	-0.002	0.941
4.850	-1.000	0.060	-0.007	0.933
4.875	-1.000	0.082	0.003	0.945
4.900	-0.999	0.059	-0.008	0.933
4.925	-0.999	0.079	0.002	0.945
4.950	-0.999	0.052	-0.011	0.931
4.975	-0.999	0.079	0.001	0.944
5.000	-1.000	0.058	-0.008	0.933
5.025	-1.000	0.079	0.002	0.943
5.050	-0.999	0.058	-0.007	0.935
5.075	-0.999	0.079	0.002	0.944
5.101	-0.999	0.068	-0.004	0.937
5.125	-0.999	0.077	0.000	0.943
5.151	-1.000	0.067	-0.002	0.938
5.175	-0.999	0.077	0.002	0.943
5.200	-0.999	0.060	-0.007	0.934
5.225	-1.000	0.075	-0.000	0.942
5.250	-0.999	0.060	-0.007	0.935
5.275	-0.999	0.079	0.001	0.941
5.301	-0.999	0.069	-0.003	0.939
5.325	-0.999	0.077	-0.000	0.943
5.351	-1.000	0.067	-0.004	0.939
5.375	-0.999	0.078	0.001	0.945
5.401	-0.999	0.067	-0.004	0.939
5.425	-0.999	0.077	0.002	0.943
5.450	-0.999	0.061	-0.006	0.935
5.475	-0.999	0.074	0.000	0.943
5.500	-0.999	0.061	-0.007	0.936
5.525	-1.000	0.077	0.001	0.945
5.550	-0.999	0.060	-0.007	0.935
5.575	-1.000	0.076	0.001	0.945
5.601	-0.999	0.066	-0.003	0.941
5.625	-0.999	0.076	0.000	0.944
5.650	-0.999	0.059	-0.007	0.936
5.675	-0.999	0.077	0.002	0.945
5.700	-0.999	0.058	-0.008	0.936
5.725	-0.999	0.077	0.002	0.945
5.750	-0.999	0.058	-0.007	0.938
5.775	1.001	-0.161	0.001	0.943
5.801	1.001	-0.533	0.235	0.924
5.825	1.001	-0.796	0.526	0.818
5.850	1.001	-1.000	0.745	0.663
5.875	1.000	-1.101	0.876	0.498
5.901	1.001	-1.169	0.962	0.254
5.925	1.001	-1.148	1.027	0.016
5.950	1.001	-1.109	1.012	-0.237
5.975	1.001	-0.997	1.002	-0.448
6.001	1.001	-0.882	0.945	-0.639
6.025	1.001	-0.750	0.891	-0.846
6.050	1.001	-0.616	0.734	-1.100
6.075	1.001	-0.430	0.557	-1.276
6.100	1.001	-0.280	0.407	-1.402
6.125	1.001	-0.117	0.264	-1.476
6.151	1.001	0.014	0.112	-1.523
6.175	1.001	0.122	0.002	-1.536
6.200	1.001	0.194	-0.061	-1.501
6.225	1.001	0.263	-0.114	-1.432
6.250	1.001	0.292	-0.174	-1.455
6.275	1.001	0.338	-0.203	-1.449
6.300	1.001	0.350	-0.239	-1.455
6.325	1.001	0.381	-0.265	-1.449
6.350	1.001	0.388	-0.288	-1.455
6.375	1.001	0.406	-0.295	-1.386
6.401	1.001	0.390	-0.305	-1.302
6.425	1.001	0.376	-0.291	-1.239
6.450	1.000	0.327	-0.280	-1.168
6.475	1.001	0.298	-0.245	-1.094
6.500	1.001	0.238	-0.219	-1.034
6.526	1.001	0.199	-0.178	-0.992
6.550	1.001	0.143	-0.151	-0.959
6.575	1.001	0.123	-0.110	-0.917
6.601	1.001	0.067	-0.081	-0.895
6.625	1.001	0.040	-0.048	-0.887
6.650	1.000	-0.007	-0.023	-0.882
6.675	1.001	-0.017	0.002	-0.877
6.700	1.001	-0.050	-0.007	-0.889
6.725	1.001	-0.046	0.002	-0.880
6.750	1.001	-0.075	-0.006	-0.889
6.775	1.001	-0.069	0.004	-0.882
6.800	1.001	-0.090	-0.007	-0.890
6.825	1.001	-0.078	0.002	-0.881
6.850	1.001	-0.102	-0.007	-0.889
6.875	1.001	-0.086	0.001	-0.881
6.901	1.001	-0.102	-0.004	-0.891
6.925	1.001	-0.091	0.002	-0.891
6.950	1.001	-0.105	-0.006	-0.898
6.975	1.001	-0.090	0.002	-0.894
7.000	1.001	-0.103	-0.004	-0.904
7.025	1.001	-0.090	0.002	-0.899
7.050	1.001	-0.104	-0.006	-0.905
7.075	1.001	-0.088	0.002	-0.895
7.109	1.001	-0.095	-0.003	-0.897
7.131	1.001	-0.116	-0.012	-0.901
7.153	1.001	-0.096	-0.002	-0.889
7.175	1.001	-0.088	0.002	-0.890
7.201	1.001	-0.098	-0.002	-0.894
7.225	1.001	-0.096	0.000	-0.889
7.250	1.001	-0.104	-0.004	-0.908
7.275	1.001	-0.090	0.003	-0.907
7.300	1.001	-0.093	-0.002	-0.913
7.325	1.001	-0.085	-0.000	-0.910
7.351	1.001	-0.087	-0.002	-0.912
7.375	1.001	-0.084	-0.002	-0.913
7.400	1.001	-0.092	-0.006	-0.917
7.425	1.001	-0.078	-0.001	-0.911
7.450	1.001	-0.090	-0.006	-0.917
7.475	1.001	-0.082	-0.002	-0.913
7.500	1.001	-0.084	-0.004	-0.914
7.525	1.001	-0.075	-0.001	-0.910
7.551	1.001	-0.082	-0.003	-0.912
7.575	1.001	-0.075	0.000	-0.910
7.600	1.001	-0.087	-0.006	-0.917
7.625	1.001	-0.075	-0.000	-0.911
7.650	1.001	-0.080	-0.004	-0.914
7.675	1.001	-0.080	-0.003	-0.913
7.700	1.001	-0.088	-0.007	-0.917
7.725	1.001	-0.071	0.002	-0.908
7.750	1.001	-0.090	-0.007	-0.914
7.775	1.001	-0.074	0.000	-0.905
7.800	1.001	-0.094	-0.008	-0.914
7.825	1.001	-0.080	-0.003	-0.908
7.850	1.001	-0.083	-0.003	-0.911
7.875	1.001	-0.092	-0.008	-0.918
7.900	1.001	-0.082	-0.004	-0.913
7.925	1.001	-0.070	0.002	-0.908
7.950	1.001	-0.092	-0.007	-0.917
7.976	1.001	-0.082	-0.004	-0.913
8.001	1.001	-0.081	-0.002	-0.908
8.026	1.001	-0.084	-0.004	-0.909
8.050	1.001	-0.087	-0.004	-0.910
8.075	1.001	-0.077	0.000	-0.904
8.100	1.001	-0.082	-0.003	-0.908
8.125	1.001	-0.078	0.000	-0.905
8.150	1.001	-0.094	-0.007	-0.914
8.175	1.001	-0.078	-0.001	-0.908
8.200	1.001	-0.086	-0.004	-0.914
8.225	1.001	-0.083	-0.005	-0.913
8.250	1.000	-0.086	-0.004	-0.914
8.275	-0.999	0.006	-0.004	-0.914
8.300	-0.999	0.373	-0.093	-0.920
8.325	-0.999	0.704	-0.430	-0.825
8.350	-1.000	0.903	-0.666	-0.710
8.375	-0.999	1.071	-0.837	-0.505
8.400	-0.999	1.138	-0.957	-0.304
8.425	-0.999	1.150	-1.017	-0.057
8.451	-1.000	1.107	-1.010	0.155
8.475	-0.999	1.038	-1.008	0.338
8.500	-1.000	0.936	-0.959	0.555
8.525	-0.999	0.814	-0.904	0.792
8.550	-0.999	0.664	-0.806	0.997
8.575	-0.999	0.515	-0.649	1.161
8.601	-0.999	0.358	-0.497	1.284
8.625	-0.999	0.227	-0.363	1.377
8.650	-0.999	0.083	-0.222	1.436
8.675	-0.999	-0.013	-0.103	1.462
8.701	-0.999	-0.115	0.001	1.478
8.725	-0.999	-0.186	0.045	1.446
8.750	-0.999	-0.240	0.090	1.453
8.775	-1.000	-0.280	0.142	1.459
8.800	-1.000	-0.322	0.180	1.457
8.825	-0.999	-0.337	0.219	1.462
8.850	-0.999	-0.368	0.242	1.459
8.875	-0.999	-0.398	0.264	1.455
8.902	-0.999	-0.395	0.283	1.426
8.925	-0.999	-0.406	0.284	1.363
8.954	-0.999	-0.372	0.292	1.292
8.975	-0.999	-0.358	0.275	1.230
9.000	-0.999	-0.299	0.255	1.156
9.027	-0.999	-0.282	0.223	1.108
9.050	-0.999	-0.248	0.196	1.064
9.075	-0.999	-0.191	0.168	1.029
9.101	-0.999	-0.163	0.129	0.991
9.125	-0.999	-0.111	0.105	0.977
9.150	-1.000	-0.093	0.071	0.951
9.175	-0.999	-0.046	0.048	0.937
9.200	-0.999	-0.036	0.008	0.929
9.225	-0.999	0.004	-0.001	0.933
9.250	-0.999	0.003	-0.007	0.928
9.275	-0.999	0.035	0.002	0.937
9.300	-0.999	0.036	-0.003	0.932
9.325	-0.999	0.046	-0.002	0.931
9.350	-1.000	0.050	-0.004	0.931
9.376	-0.999	0.056	-0.004	0.931
9.400	-0.999	0.060	-0.004	0.931
9.431	-0.999	0.057	-0.007	0.930
9.461	-0.999	0.057	-0.008	0.928
9.490	-0.999	0.085	0.004	0.943
9.511	-1.000	0.066	-0.004	0.933
9.532	-0.999	0.059	-0.009	0.928
9.553	-0.999	0.072	-0.002	0.935
9.575	-0.999	0.079	0.002	0.939
9.601	-1.000	0.071	-0.002	0.938
9.625	-0.999	0.071	-0.002	0.939
9.656	-0.999	0.083	0.004	0.946
9.677	-1.000	0.067	-0.004	0.935
9.700	-1.000	0.087	0.004	0.945
9.727	-0.999	0.068	-0.004	0.936
9.750	-0.999	0.062	-0.007	0.932
9.776	-0.999	0.071	-0.002	0.937
9.801	-0.999	0.071	-0.003	0.937
9.825	-0.999	0.070	-0.004	0.937
9.851	-0.999	0.084	0.002	0.943
9.875	-0.999	0.078	-0.001	0.940
9.907	-0.999	0.083	0.002	0.943
9.927	-0.999	0.068	-0.004	0.936
9.950	-1.000	0.070	-0.003	0.939
9.989	-0.999	0.081	0.002	0.944
10.010	-0.999	0.069	-0.004	0.937
10.031	-0.999	0.054	-0.011	0.928
10.051	-0.999	0.071	-0.003	0.939
10.075	-1.000	0.079	0.000	0.943
10.100	-0.999	0.069	-0.003	0.939
10.125	-0.999	0.072	-0.001	0.940
10.150	-0.999	0.071	-0.003	0.940
10.175	-0.999	0.070	-0.002	0.939
10.200	-1.000	0.061	-0.006	0.935
10.225	-1.000	0.070	-0.003	0.940
10.250	-1.000	0.061	-0.007	0.936
10.275	-0.999	0.069	-0.004	0.939
10.300	-1.000	0.070	-0.003	0.939
10.325	-0.999	0.066	-0.004	0.938
10.364	-1.000	0.077	0.002	0.945
10.409	-0.999	0.073	-0.002	0.941
10.440	-1.000	0.076	0.000	0.945
10.465	-0.999	0.066	-0.003	0.941
10.489	-1.000	0.076	0.001	0.943
10.512	-0.999	0.060	-0.007	0.933
10.533	-0.999	0.067	-0.004	0.938
10.565	-1.000	0.058	-0.008	0.935
10.587	-0.999	0.078	0.001	0.946
10.608	-1.000	0.068	-0.002	0.939
10.637	-0.999	0.070	-0.003	0.939
10.659	-0.999	0.066	-0.004	0.939
10.680	-1.000	0.058	-0.009	0.933
10.701	-0.999	0.067	-0.004	0.941
10.726	-1.000	0.067	-0.004	0.938
10.750	-0.999	0.064	-0.006	0.939
10.775	1.001	-0.159	-0.002	0.938
10.800	1.001	-0.507	0.206	0.924
10.825	1.001	-0.787	0.512	0.816
10.851	1.001	-0.995	0.759	0.664
10.876	1.001	-1.112	0.878	0.486
10.900	1.001	-1.165	0.975	0.261
10.925	1.001	-1.159	0.997	-0.020
10.950	1.001	-1.097	1.014	-0.235
10.975	1.001	-1.003	1.005	-0.447
11.000	1.001	-0.898	0.945	-0.620
11.025	1.001	-0.714	0.843	-0.935
11.054	1.001	-0.574	0.699	-1.109
11.075	1.001	-0.434	0.550	-1.284
11.100	1.001	-0.275	0.412	-1.397
11.125	1.001	-0.025	0.134	-1.519
11.211	1.001	0.248	-0.132	-1.449
11.251	1.001	0.293	-0.168	-1.444
11.275	1.001	0.328	-0.199	-1.443
11.300	1.001	0.344	-0.230	-1.449
11.325	1.001	0.373	-0.255	-1.443
11.350	1.001	0.386	-0.276	-1.445
11.375	1.001	0.400	-0.290	-1.392
11.401	1.001	0.391	-0.302	-1.330
11.425	1.001	0.373	-0.293	-1.253
11.450	1.001	0.338	-0.276	-1.163
11.475	1.001	0.300	-0.251	-1.109
11.500	1.001	0.252	-0.218	-1.041
11.525	1.001	0.204	-0.181	-0.997
11.550	1.001	0.159	-0.149	-0.956
11.575	1.001	0.115	-0.117	-0.925
11.600	1.001	0.075	-0.085	-0.896
11.625	1.001	0.035	-0.052	-0.888
11.650	1.001	0.007	-0.019	-0.877
11.675	1.001	-0.021	-0.000	-0.877
11.700	1.001	-0.040	-0.004	-0.875
11.727	1.001	-0.065	-0.008	-0.881
11.750	1.001	-0.071	-0.002	-0.873
11.775	1.001	-0.075	0.001	-0.877
11.800	1.001	-0.088	-0.003	-0.881
11.825	1.001	-0.088	-0.000	-0.879
11.868	1.001	-0.097	-0.002	-0.887
11.889	1.001	-0.100	-0.001	-0.889
11.942	1.001	-0.087	0.004	-0.900
11.992	1.001	-0.100	-0.002	-0.913
12.017	1.001	-0.109	-0.013	-0.916
12.260	1.001	-0.103	-0.011	-0.913
12.289	1.001	-0.095	-0.007	-0.916
12.402	1.001	-0.087	-0.004	-0.911
12.430	1.001	-0.086	-0.003	-0.913
12.458	1.001	-0.095	-0.007	-0.918
12.491	1.001	-0.085	-0.004	-0.913
12.512	1.001	-0.085	-0.003	-0.912
12.547	1.001	-0.088	-0.007	-0.920
12.583	1.001	-0.071	0.003	-0.907
12.606	1.001	-0.073	-0.000	-0.910
12.627	1.001	-0.095	-0.009	-0.923
12.654	1.001	-0.072	0.001	-0.909
12.676	1.001	-0.092	-0.009	-0.921
12.700	1.001	-0.080	-0.003	-0.913
12.725	1.001	-0.070	0.002	-0.905
12.779	1.001	-0.082	-0.003	-0.915
12.989	1.001	-0.094	-0.009	-0.921
13.020	1.001	-0.071	0.002	-0.909
13.043	1.000	-0.091	-0.007	-0.920
13.067	1.001	-0.071	0.002	-0.907
13.095	1.001	-0.096	-0.009	-0.921
13.117	1.001	-0.078	-0.002	-0.914
13.138	1.001	-0.071	0.000	-0.910
13.161	1.001	-0.088	-0.007	-0.919
13.182	1.001	-0.078	-0.003	-0.912
13.204	1.001	-0.071	0.001	-0.905
13.225	1.001	-0.081	-0.004	-0.910
13.250	1.001	-0.080	-0.003	-0.908
13.275	-1.000	0.144	-0.009	-0.914
13.300	-1.000	0.488	-0.196	-0.878
13.325	-0.999	0.771	-0.514	-0.791
13.351	-0.999	0.979	-0.735	-0.648
13.375	-0.999	1.091	-0.872	-0.459
13.400	-1.000	1.148	-0.975	-0.252
13.426	-0.999	1.139	-1.018	0.011
13.450	-0.999	1.094	-1.005	0.194
13.475	-0.999	1.016	-1.000	0.399
13.501	-1.000	0.823	-0.919	0.747
13.539	-1.000	0.540	-0.687	1.116
13.584	-0.999	0.415	-0.550	1.272
13.606	-0.999	0.137	-0.275	1.416
13.655	-0.999	0.033	-0.151	1.449
13.678	-0.999	-0.080	-0.054	1.459
13.703	-0.999	-0.151	0.027	1.463
13.729	-1.000	-0.223	0.059	1.422
13.751	-1.000	-0.241	0.114	1.470
13.775	-1.000	-0.294	0.154	1.463
13.800	-1.000	-0.325	0.192	1.464
13.825	-0.999	-0.355	0.219	1.462
13.850	-0.999	-0.368	0.253	1.468
13.875	-0.999	-0.395	0.266	1.461
13.900	-1.000	-0.399	0.283	1.421
13.925	-0.999	-0.400	0.289	1.360
13.950	-0.999	-0.365	0.296	1.281
13.975	-0.999	-0.351	0.268	1.210
14.000	-0.999	-0.307	0.250	1.148
14.025	-1.000	-0.274	0.206	1.084
14.050	-0.999	-0.212	0.186	1.052
14.075	-0.999	-0.185	0.156	1.013
14.100	-1.000	-0.145	0.124	0.986
14.125	-0.999	-0.108	0.093	0.959
14.150	-0.999	-0.067	0.067	0.943
14.175	-0.999	-0.044	0.033	0.927
14.200	-0.999	-0.014	0.002	0.928
14.225	-0.999	-0.001	-0.004	0.931
14.250	-0.999	0.019	-0.002	0.934
14.275	-0.999	0.025	-0.004	0.931
14.300	-0.999	0.041	-0.002	0.935
14.325	-0.999	0.042	-0.004	0.931
14.350	-0.999	0.052	-0.003	0.933
14.375	-0.999	0.054	-0.004	0.931
14.400	-0.999	0.061	-0.002	0.933
14.425	-0.999	0.062	-0.005	0.931
14.451	-0.999	0.073	-0.001	0.937
14.475	-1.000	0.066	-0.004	0.931
14.500	-0.999	0.071	-0.002	0.935
14.525	-0.999	0.059	-0.009	0.926
14.550	-0.999	0.073	-0.001	0.936
14.575	-1.000	0.069	-0.004	0.933
14.600	-0.999	0.073	-0.003	0.935
14.625	-0.999	0.071	-0.004	0.934
14.650	-0.999	0.074	-0.003	0.935
14.675	-0.999	0.069	-0.004	0.933
14.700	-0.999	0.078	-0.000	0.939
14.725	-0.999	0.070	-0.004	0.933
14.750	-1.000	0.073	-0.002	0.935
14.775	-0.999	0.071	-0.004	0.934
14.801	-0.999	0.085	0.002	0.941
14.825	-0.999	0.071	-0.004	0.934
14.851	-0.999	0.086	0.002	0.940
14.875	-0.999	0.072	-0.004	0.933
14.900	-0.999	0.075	-0.002	0.936
14.926	-0.999	0.069	-0.004	0.932
14.950	-0.999	0.073	-0.003	0.935
14.976	-0.999	0.070	-0.004	0.932
15.000	-1.000	0.074	-0.003	0.935
