Time (S)	CHA (V)	CH1 (V)	CH2 (V)	CH3 (V)
0.000	-1.000	0.080	-0.003	0.793
0.025	-0.999	0.080	-0.004	0.793
0.051	-1.000	0.077	-0.004	0.792
0.075	-0.999	0.081	-0.002	0.793
0.100	-0.999	0.082	-0.003	0.792
0.125	1.001	0.047	-0.003	0.793
0.150	1.001	-0.098	-0.001	0.792
0.175	1.001	-0.221	0.062	0.759
0.201	1.001	-0.318	0.152	0.730
0.225	1.001	-0.385	0.229	0.729
0.250	1.001	-0.440	0.302	0.730
0.275	1.001	-0.489	0.350	0.729
0.300	1.001	-0.524	0.394	0.728
0.325	1.001	-0.552	0.415	0.699
0.350	1.001	-0.570	0.446	0.651
0.375	1.001	-0.580	0.465	0.566
0.400	1.001	-0.582	0.462	0.491
0.425	1.001	-0.576	0.474	0.425
0.450	1.001	-0.566	0.461	0.324
0.475	1.001	-0.549	0.462	0.227
0.501	1.001	-0.530	0.439	0.142
0.525	1.001	-0.509	0.423	0.089
0.550	1.001	-0.487	0.401	0.004
0.575	1.001	-0.460	0.380	-0.106
0.600	1.001	-0.432	0.360	-0.187
0.625	1.001	-0.405	0.327	-0.236
0.650	1.001	-0.380	0.309	-0.283
0.675	1.001	-0.357	0.279	-0.311
0.700	1.001	-0.335	0.260	-0.358
0.725	1.001	-0.315	0.236	-0.403
0.750	1.001	-0.295	0.208	-0.443
0.775	1.001	-0.276	0.194	-0.476
0.800	1.001	-0.259	0.174	-0.512
0.825	1.001	-0.242	0.154	-0.541
0.850	1.001	-0.228	0.137	-0.576
0.875	1.001	-0.213	0.119	-0.589
0.900	1.001	-0.201	0.109	-0.611
0.925	1.001	-0.189	0.101	-0.631
0.950	1.001	-0.178	0.090	-0.651
0.975	1.001	-0.167	0.079	-0.668
1.000	1.001	-0.159	0.068	-0.688
1.025	1.001	-0.150	0.060	-0.697
1.050	1.001	-0.143	0.050	-0.708
1.075	1.001	-0.134	0.039	-0.709
1.100	1.001	-0.130	0.031	-0.720
1.125	1.001	-0.125	0.026	-0.724
1.150	1.001	-0.123	0.021	-0.728
1.175	1.001	-0.117	0.022	-0.727
1.201	1.001	-0.117	0.020	-0.734
1.226	1.001	-0.110	0.020	-0.733
1.250	1.001	-0.109	0.016	-0.745
1.275	1.001	-0.107	0.013	-0.745
1.301	1.001	-0.107	0.008	-0.752
1.325	1.001	-0.101	0.008	-0.751
1.350	1.001	-0.102	0.004	-0.753
1.375	1.001	-0.098	0.002	-0.751
1.400	1.000	-0.100	0.000	-0.752
1.425	1.001	-0.097	0.000	-0.756
1.450	1.001	-0.096	-0.001	-0.756
1.475	1.001	-0.095	-0.002	-0.756
1.501	1.001	-0.098	-0.003	-0.758
1.525	1.001	-0.092	-0.002	-0.752
1.550	1.001	-0.095	-0.003	-0.756
1.575	1.001	-0.092	-0.002	-0.754
1.600	1.001	-0.094	-0.003	-0.753
1.625	1.001	-0.093	-0.003	-0.754
1.651	1.001	-0.096	-0.004	-0.758
1.675	1.001	-0.093	-0.002	-0.754
1.700	1.001	-0.094	-0.004	-0.754
1.725	1.000	-0.093	-0.002	-0.754
1.750	1.001	-0.094	-0.004	-0.755
1.775	1.001	-0.093	-0.003	-0.755
1.800	1.001	-0.094	-0.003	-0.754
1.825	1.001	-0.093	-0.002	-0.752
1.851	1.001	-0.106	-0.007	-0.759
1.875	1.001	-0.092	-0.004	-0.754
1.901	1.001	-0.096	-0.006	-0.755
1.925	1.001	-0.093	-0.004	-0.753
1.950	1.001	-0.094	-0.004	-0.754
1.975	1.001	-0.093	-0.002	-0.752
2.000	1.001	-0.094	-0.004	-0.755
2.025	1.001	-0.093	-0.002	-0.752
2.050	1.001	-0.095	-0.003	-0.754
2.075	1.001	-0.092	-0.003	-0.754
2.100	1.001	-0.095	-0.004	-0.754
2.125	1.001	-0.092	-0.002	-0.752
2.150	1.001	-0.094	-0.004	-0.754
2.175	1.001	-0.093	-0.002	-0.752
2.201	1.001	-0.096	-0.004	-0.753
2.225	1.001	-0.093	-0.003	-0.753
2.250	1.001	-0.095	-0.004	-0.754
2.275	1.001	-0.094	-0.002	-0.752
2.301	1.001	-0.096	-0.005	-0.754
2.325	1.001	-0.092	-0.002	-0.752
2.350	1.001	-0.095	-0.004	-0.754
2.375	1.001	-0.093	-0.003	-0.753
2.400	1.001	-0.095	-0.004	-0.754
2.425	1.001	-0.092	-0.002	-0.752
2.450	1.001	-0.094	-0.004	-0.753
2.475	1.001	-0.094	-0.002	-0.752
2.500	1.000	-0.095	-0.004	-0.754
2.525	1.001	-0.092	-0.002	-0.753
2.550	1.001	-0.094	-0.004	-0.754
2.575	1.001	-0.094	-0.003	-0.752
2.600	1.001	-0.094	-0.004	-0.754
2.625	-0.999	-0.054	-0.001	-0.749
2.650	-0.999	0.084	-0.004	-0.753
2.675	-0.999	0.208	-0.055	-0.751
2.701	-0.999	0.307	-0.153	-0.736
2.725	-1.000	0.383	-0.239	-0.744
2.750	-0.999	0.440	-0.309	-0.747
2.775	-0.999	0.488	-0.359	-0.744
2.800	-0.999	0.526	-0.407	-0.745
2.825	-0.999	0.556	-0.442	-0.693
2.851	-0.999	0.565	-0.468	-0.629
2.875	-0.999	0.581	-0.474	-0.544
2.901	-0.999	0.567	-0.474	-0.464
2.925	-0.999	0.574	-0.482	-0.370
2.951	-1.000	0.557	-0.468	-0.288
2.975	-0.999	0.545	-0.468	-0.203
3.000	-1.000	0.522	-0.447	-0.120
3.025	-0.999	0.501	-0.422	-0.020
3.050	-0.999	0.474	-0.404	0.054
3.075	-0.999	0.451	-0.381	0.112
3.100	-0.999	0.424	-0.359	0.151
3.125	-1.000	0.403	-0.332	0.202
3.150	-0.999	0.381	-0.316	0.259
3.175	-1.000	0.359	-0.295	0.317
3.201	-0.999	0.332	-0.270	0.375
3.225	-0.999	0.316	-0.249	0.425
3.250	-0.999	0.293	-0.224	0.457
3.275	-1.000	0.277	-0.203	0.490
3.300	-0.999	0.257	-0.183	0.522
3.325	-0.999	0.243	-0.165	0.543
3.350	-0.999	0.227	-0.145	0.577
3.375	-0.999	0.213	-0.138	0.605
3.400	-0.999	0.199	-0.120	0.631
3.425	-0.999	0.188	-0.111	0.653
3.451	-0.999	0.169	-0.100	0.670
3.475	-0.999	0.166	-0.086	0.684
3.501	-0.999	0.146	-0.077	0.699
3.525	-0.999	0.149	-0.059	0.725
3.550	-0.999	0.137	-0.047	0.735
3.575	-0.999	0.133	-0.041	0.741
3.600	-0.999	0.123	-0.044	0.755
3.625	-0.999	0.119	-0.038	0.760
3.650	-1.000	0.112	-0.034	0.761
3.675	-0.999	0.109	-0.027	0.778
3.700	-0.999	0.103	-0.023	0.775
3.725	-0.999	0.101	-0.017	0.783
3.750	-0.999	0.095	-0.016	0.784
3.775	-0.999	0.096	-0.012	0.785
3.800	-0.999	0.091	-0.011	0.784
3.825	-1.000	0.091	-0.006	0.784
3.850	-0.999	0.088	-0.005	0.783
3.875	-0.999	0.098	0.000	0.785
3.900	-0.999	0.087	-0.004	0.782
3.925	-0.999	0.089	-0.003	0.784
3.950	-0.999	0.084	-0.004	0.782
3.975	-0.999	0.089	-0.003	0.785
4.001	-1.000	0.083	-0.004	0.783
4.025	-0.999	0.087	-0.004	0.785
4.051	-0.999	0.083	-0.005	0.781
4.075	-0.999	0.087	-0.002	0.784
4.100	-0.999	0.084	-0.004	0.782
4.125	-1.000	0.087	-0.003	0.785
4.150	-0.999	0.083	-0.004	0.782
4.175	-0.999	0.087	-0.003	0.785
4.201	-0.999	0.083	-0.004	0.782
4.225	-0.999	0.086	-0.002	0.785
4.251	-1.000	0.077	-0.007	0.780
4.275	-0.999	0.087	-0.002	0.785
4.300	-0.999	0.083	-0.004	0.784
4.325	-0.999	0.086	-0.003	0.784
4.350	-0.999	0.084	-0.005	0.783
4.375	-0.999	0.085	-0.003	0.785
4.400	-0.999	0.083	-0.004	0.784
4.425	-0.999	0.087	-0.002	0.785
4.450	-0.999	0.084	-0.004	0.783
4.475	-1.000	0.085	-0.002	0.786
4.501	-0.999	0.075	-0.007	0.780
4.525	-0.999	0.087	-0.003	0.785
4.550	-1.000	0.083	-0.004	0.782
4.575	-1.000	0.085	-0.004	0.785
4.600	-1.000	0.083	-0.004	0.784
4.625	-0.999	0.085	-0.003	0.786
4.650	-0.999	0.083	-0.002	0.785
4.675	-0.999	0.087	-0.002	0.785
4.700	-0.999	0.083	-0.003	0.784
4.725	-0.999	0.087	-0.002	0.787
4.751	-0.999	0.075	-0.008	0.778
4.775	-0.999	0.087	-0.002	0.785
4.800	-0.999	0.082	-0.004	0.784
4.825	-1.000	0.087	-0.003	0.786
4.850	-0.999	0.083	-0.004	0.784
4.875	-0.999	0.085	-0.002	0.786
4.900	-0.999	0.083	-0.004	0.784
4.925	-0.999	0.085	-0.003	0.786
4.950	-0.999	0.082	-0.003	0.784
4.975	-0.999	0.084	-0.002	0.787
5.001	-0.999	0.070	-0.007	0.780
5.025	-0.999	0.085	-0.004	0.787
5.050	-0.999	0.083	-0.005	0.784
5.075	-0.999	0.086	-0.002	0.787
5.101	-0.999	0.076	-0.006	0.783
5.125	1.001	0.005	0.002	0.793
5.150	1.001	-0.140	-0.002	0.787
5.175	1.000	-0.247	0.085	0.743
5.201	1.001	-0.347	0.171	0.723
5.225	1.001	-0.403	0.252	0.728
5.250	1.001	-0.458	0.314	0.726
5.275	1.001	-0.498	0.357	0.730
5.300	1.001	-0.535	0.397	0.728
5.325	1.000	-0.557	0.433	0.688
5.350	1.001	-0.576	0.446	0.620
5.375	1.001	-0.578	0.459	0.542
5.400	1.001	-0.581	0.467	0.471
5.425	1.001	-0.569	0.464	0.377
5.450	1.001	-0.562	0.465	0.294
5.475	1.001	-0.541	0.451	0.196
5.501	1.001	-0.530	0.434	0.118
5.525	1.001	-0.498	0.420	0.059
5.550	1.001	-0.479	0.392	-0.032
5.575	1.001	-0.437	0.372	-0.140
5.600	1.001	-0.424	0.348	-0.209
5.625	1.001	-0.393	0.326	-0.246
5.650	1.001	-0.374	0.297	-0.303
5.675	1.001	-0.346	0.273	-0.332
5.701	1.001	-0.336	0.241	-0.389
5.726	1.001	-0.296	0.228	-0.416
5.752	1.001	-0.298	0.198	-0.461
5.775	1.001	-0.268	0.188	-0.490
5.800	1.001	-0.256	0.167	-0.523
5.825	1.001	-0.233	0.150	-0.558
5.850	1.001	-0.224	0.133	-0.581
5.876	1.001	-0.199	0.122	-0.595
5.900	1.001	-0.199	0.106	-0.626
5.925	1.001	-0.182	0.098	-0.644
5.950	1.001	-0.174	0.088	-0.663
5.975	1.001	-0.162	0.075	-0.678
6.001	1.001	-0.164	0.060	-0.705
6.025	1.001	-0.144	0.057	-0.706
6.050	1.001	-0.139	0.044	-0.712
6.075	1.001	-0.129	0.035	-0.716
6.100	1.001	-0.128	0.027	-0.723
6.125	1.001	-0.119	0.024	-0.725
6.150	1.001	-0.121	0.019	-0.729
6.175	1.001	-0.113	0.019	-0.731
6.200	1.001	-0.115	0.018	-0.735
6.225	1.001	-0.108	0.017	-0.734
6.250	1.001	-0.109	0.010	-0.748
6.275	1.001	-0.103	0.009	-0.747
6.300	1.001	-0.105	0.007	-0.750
6.325	1.001	-0.100	0.006	-0.750
6.350	1.001	-0.102	0.002	-0.752
6.375	1.001	-0.096	0.002	-0.750
6.400	1.002	-0.100	-0.001	-0.752
6.426	1.001	-0.091	0.002	-0.748
6.450	1.001	-0.098	-0.003	-0.752
6.475	1.001	-0.095	-0.001	-0.750
6.501	1.001	-0.107	-0.007	-0.756
6.525	1.001	-0.094	-0.001	-0.750
6.551	1.001	-0.105	-0.007	-0.756
6.575	1.001	-0.092	-0.002	-0.749
6.600	1.001	-0.098	-0.004	-0.752
6.625	1.001	-0.094	-0.001	-0.749
6.651	1.001	-0.107	-0.008	-0.756
6.675	1.001	-0.092	-0.002	-0.749
6.700	1.001	-0.097	-0.005	-0.752
6.725	1.001	-0.092	-0.002	-0.748
6.750	1.001	-0.097	-0.004	-0.752
6.775	1.001	-0.092	-0.001	-0.749
6.800	1.001	-0.098	-0.004	-0.752
6.826	1.001	-0.085	0.000	-0.746
6.851	1.001	-0.107	-0.008	-0.758
6.875	1.001	-0.091	-0.002	-0.750
6.900	1.001	-0.097	-0.004	-0.752
6.926	1.000	-0.086	0.000	-0.747
6.950	1.001	-0.097	-0.004	-0.752
6.976	1.001	-0.086	0.002	-0.745
7.001	1.001	-0.104	-0.008	-0.755
7.025	1.001	-0.086	-0.000	-0.748
7.050	1.001	-0.098	-0.004	-0.752
7.075	1.001	-0.094	-0.002	-0.750
7.100	1.001	-0.096	-0.004	-0.752
7.125	1.001	-0.094	-0.003	-0.750
7.150	1.001	-0.096	-0.004	-0.751
7.175	1.001	-0.093	-0.002	-0.750
7.200	1.001	-0.096	-0.005	-0.752
7.225	1.001	-0.092	-0.002	-0.749
7.250	1.001	-0.096	-0.004	-0.751
7.276	1.001	-0.083	0.001	-0.746
7.300	1.001	-0.096	-0.003	-0.751
7.325	1.001	-0.084	0.003	-0.745
7.350	1.001	-0.097	-0.004	-0.752
7.375	1.001	-0.084	0.002	-0.745
7.400	1.001	-0.098	-0.005	-0.752
7.425	1.001	-0.084	0.002	-0.745
7.451	1.001	-0.107	-0.009	-0.758
7.475	1.000	-0.082	0.001	-0.743
7.500	1.001	-0.099	-0.006	-0.754
7.525	1.001	-0.092	-0.001	-0.750
7.550	1.001	-0.097	-0.004	-0.752
7.576	1.001	-0.086	-0.000	-0.747
7.600	1.001	-0.098	-0.005	-0.752
7.625	-1.000	-0.048	0.002	-0.745
7.650	-1.000	0.081	-0.004	-0.751
7.675	-0.999	0.219	-0.055	-0.745
7.700	-0.999	0.300	-0.146	-0.741
7.725	-0.999	0.382	-0.239	-0.746
7.750	-0.999	0.437	-0.310	-0.748
7.775	-0.999	0.491	-0.360	-0.747
7.800	-0.999	0.524	-0.410	-0.748
7.825	-1.000	0.563	-0.439	-0.687
7.850	-0.999	0.567	-0.464	-0.625
7.876	-1.000	0.589	-0.474	-0.524
7.900	-0.999	0.574	-0.467	-0.457
7.925	-1.000	0.572	-0.480	-0.359
7.951	-0.999	0.545	-0.472	-0.288
7.975	-0.999	0.545	-0.466	-0.196
8.001	-0.999	0.510	-0.445	-0.115
8.025	-0.999	0.507	-0.417	-0.000
8.051	-1.000	0.462	-0.406	0.055
8.075	-0.999	0.451	-0.379	0.114
8.100	-1.000	0.421	-0.357	0.154
8.125	-0.999	0.404	-0.328	0.213
8.150	-1.000	0.375	-0.315	0.265
8.175	-0.999	0.360	-0.294	0.319
8.201	-0.999	0.329	-0.270	0.375
8.226	-0.999	0.319	-0.244	0.433
8.250	-0.999	0.290	-0.222	0.455
8.275	-0.999	0.278	-0.201	0.492
8.300	-0.999	0.256	-0.183	0.522
8.325	-0.999	0.245	-0.165	0.544
8.350	-0.999	0.225	-0.148	0.578
8.375	-1.000	0.215	-0.136	0.606
8.401	-0.999	0.186	-0.125	0.627
8.425	-1.000	0.188	-0.112	0.652
8.451	-0.999	0.167	-0.100	0.671
8.475	-1.000	0.179	-0.080	0.692
8.500	-0.999	0.152	-0.077	0.699
8.525	-0.999	0.149	-0.058	0.727
8.550	-0.999	0.135	-0.049	0.732
8.575	-0.999	0.133	-0.038	0.743
8.600	-0.999	0.121	-0.042	0.757
8.625	-0.999	0.120	-0.038	0.760
8.650	-0.999	0.110	-0.034	0.759
8.675	-1.000	0.112	-0.025	0.780
8.700	-0.999	0.100	-0.023	0.778
8.725	-0.999	0.104	-0.016	0.782
8.750	-0.999	0.095	-0.015	0.783
8.775	-0.999	0.098	-0.012	0.785
8.800	-0.999	0.089	-0.012	0.783
8.825	-1.000	0.094	-0.008	0.785
8.850	-1.000	0.088	-0.008	0.783
8.875	-0.999	0.098	-0.001	0.789
8.901	-0.999	0.079	-0.007	0.780
8.926	-0.999	0.098	0.002	0.791
8.951	-0.999	0.077	-0.009	0.782
8.975	-0.999	0.087	-0.002	0.790
9.000	-1.000	0.075	-0.007	0.785
9.025	-0.999	0.087	-0.002	0.790
9.050	-1.000	0.072	-0.009	0.782
9.075	-0.999	0.096	0.001	0.794
9.100	-0.999	0.081	-0.006	0.787
9.125	-1.000	0.086	-0.002	0.791
9.150	-1.000	0.082	-0.005	0.787
9.175	-0.999	0.085	-0.003	0.789
9.201	-0.999	0.074	-0.008	0.782
9.225	-0.999	0.090	-0.001	0.792
9.250	-0.999	0.075	-0.008	0.782
9.275	-0.999	0.093	0.002	0.795
9.300	-1.000	0.078	-0.006	0.783
9.325	-0.999	0.089	-0.000	0.793
9.350	-0.999	0.077	-0.006	0.785
9.375	-0.999	0.085	-0.004	0.789
9.400	-0.999	0.075	-0.006	0.785
9.426	-0.999	0.092	0.001	0.795
9.451	-0.999	0.074	-0.007	0.783
9.475	-0.999	0.092	-0.001	0.791
9.500	-0.999	0.074	-0.007	0.782
9.525	-1.000	0.092	0.001	0.793
9.550	-0.999	0.081	-0.004	0.786
9.575	-0.999	0.096	0.001	0.794
9.600	-0.999	0.075	-0.008	0.783
9.625	-0.999	0.085	-0.002	0.790
9.650	-0.999	0.081	-0.004	0.787
9.675	-0.999	0.086	-0.002	0.790
9.700	-0.999	0.079	-0.006	0.785
9.725	-0.999	0.094	0.001	0.794
9.750	-0.999	0.079	-0.006	0.785
9.775	-0.999	0.085	-0.004	0.789
9.801	-0.999	0.071	-0.009	0.783
9.825	-1.000	0.091	-0.000	0.793
9.850	-0.999	0.072	-0.008	0.785
9.875	-0.999	0.088	-0.000	0.793
9.901	-0.999	0.073	-0.009	0.784
9.925	-0.999	0.093	0.001	0.796
9.951	-0.999	0.071	-0.008	0.784
9.975	-0.999	0.090	0.000	0.795
10.000	-0.999	0.074	-0.006	0.787
